image: CIRCLE_map.pgm
resolution: 0.062500
origin: [-68.81966933692648,-45.69804203195382,0.000000]
negate: 0
occupied_thresh: 0.45
free_thresh: 0.196
width: 2.48
